# t (s)	mx ()	my ()	mz ()	m_x ()	m_y ()	m_z ()	m_x.region1 ()	m_y.region1 ()	m_z.region1 ()	m_x.region2 ()	m_y.region2 ()	m_z.region2 ()
0	0.93255466	1.577886e-10	1.1095563e-06	0.93255466	1.9723576e-10	1.1095563e-06	0.9998048	-4.699597e-10	2.5862043e-06	0.8817851	1.1076356e-09	-5.2188955e-09
2.0092957267562456e-10	0.9325545	-5.3390613e-05	6.662187e-05	0.9325545	-5.3390653e-05	6.662186e-05	0.9998044	-0.00012388275	0.00015510204	0.8817851	-1.7376034e-07	-1.750092e-07
4.004025658349331e-10	0.93255305	0.00018389946	-8.193562e-05	0.93255323	0.00018389946	-8.1935636e-05	0.9998013	0.00042697706	-0.00019124222	0.88178504	3.9064926e-07	5.838556e-07
6.005119392481164e-10	0.9325531	-0.00032233857	1.3085196e-06	0.9325531	-0.00032233857	1.3085196e-06	0.9998009	-0.00074915553	4.679455e-06	0.8817854	-1.1858624e-07	-1.2363224e-06
8.01518001189662e-10	0.9325508	0.00035900023	0.00015961977	0.9325508	0.00035900023	0.00015961977	0.99979603	0.00083615293	0.00036869862	0.8817849	-1.2188146e-06	1.7786299e-06
1.0001895445828563e-09	0.9325518	-0.000259218	-0.00030840933	0.9325518	-0.000259218	-0.00030840928	0.9997975	-0.00060672616	-0.00071475114	0.8817855	3.12824e-06	-1.6471691e-06
1.200119999084144e-09	0.93255097	5.0370993e-05	0.00038776448	0.93255097	5.0371014e-05	0.00038776448	0.9997967	0.00012392466	0.0009008345	0.8817846	-5.1559055e-06	4.293477e-07
1.400046485984261e-09	0.9325511	0.00016974453	-0.0003546624	0.9325511	0.00016974453	-0.0003546624	0.9997957	0.00038725752	-0.0008268353	0.8817858	5.5354094e-06	1.7980052e-06
1.6002764939886344e-09	0.93255097	-0.00031020987	0.00023013333	0.93255085	-0.0003102099	0.00023013333	0.99979717	-0.0007156495	0.0005405005	0.8817844	-4.128435e-06	-4.174076e-06
1.8006303325058732e-09	0.93255085	0.00032603485	-7.8637175e-05	0.9325508	0.00032603487	-7.8637175e-05	0.9997954	0.000757147	-0.00019037309	0.8817855	5.722323e-07	5.7162956e-06
2.001788412772732e-09	0.9325522	-0.00024241958	-3.2717002e-05	0.9325522	-0.00024241958	-3.2717002e-05	0.99979925	-0.0005679842	-6.905915e-05	0.88178504	3.3607744e-06	-5.281003e-06
2.2017477400396853e-09	0.9325527	0.00013431696	6.170394e-05	0.9325527	0.00013431696	6.170394e-05	0.9998009	0.0003197782	0.00013951623	0.8817845	-5.694078e-06	2.9606301e-06
2.400760117058083e-09	0.93255466	-7.183855e-05	-2.888901e-05	0.93255466	-7.1838585e-05	-2.888901e-05	0.99980354	-0.00017421972	-6.674286e-05	0.88178605	5.4528214e-06	-3.1177436e-07
2.6004235655940353e-09	0.93255335	8.063463e-05	-1.7237115e-05	0.93255335	8.063459e-05	-1.7237115e-05	0.9998032	0.00019246779	-3.7604346e-05	0.8817842	-3.7922675e-06	-1.8611598e-06
2.801343559625016e-09	0.9325553	-0.00014659208	2.7834105e-05	0.9325552	-0.00014659208	2.7834105e-05	0.9998048	-0.00034181037	6.0427625e-05	0.8817861	7.8469066e-07	3.228075e-06
3.0006770695001997e-09	0.9325531	0.00021819217	1.5029333e-05	0.9325531	0.00021819217	1.5029333e-05	0.99980205	0.0005042271	3.728882e-05	0.88178456	2.2543848e-06	-1.7751566e-06
3.200107171084919e-09	0.9325537	-0.00024936697	-0.00010221505	0.9325536	-0.00024936697	-0.00010221505	0.99980205	-0.00057662086	-0.00023554469	0.8817854	-2.310805e-06	-1.5597091e-06
3.400363695526669e-09	0.93255174	0.0002160432	0.00019940661	0.93255174	0.0002160432	0.00019940661	0.9997988	0.0005038613	0.0004591993	0.88178456	-1.2417288e-06	3.2796809e-06
3.6010202531243333e-09	0.9325524	-0.0001203011	-0.0002680226	0.9325524	-0.000120301105	-0.00026802256	0.999798	-0.00028530203	-0.0006204908	0.8817862	4.2637744e-06	-1.9315503e-06
3.800246353192871e-09	0.93255085	6.3759417e-06	0.00028831066	0.93255097	6.3759217e-06	0.00028831066	0.99979734	2.1124539e-05	0.0006706479	0.88178396	-4.7571566e-06	-3.295154e-07
4.000271085506583e-09	0.9325512	0.00011278481	-0.00026371202	0.9325512	0.00011278481	-0.00026371202	0.9997968	0.00025718147	-0.0006164909	0.88178515	3.7752377e-06	2.6134583e-06
4.201054363270606e-09	0.9325511	-0.00020795426	0.00020510309	0.9325511	-0.00020795426	0.00020510309	0.9997965	-0.00048012487	0.00048157852	0.88178504	-2.483527e-06	-3.6181716e-06
4.400602148395859e-09	0.9325507	0.000260721	-0.00013502069	0.9325507	0.00026072102	-0.00013502069	0.9997952	0.00060399604	-0.00031784855	0.88178533	1.5698658e-06	3.0026563e-06
4.601020828168564e-09	0.9325522	-0.00027736515	5.6702902e-05	0.9325522	-0.00027736506	5.6702902e-05	0.9997985	-0.0006407627	0.00013620338	0.8817857	-3.022807e-06	-3.3148756e-06
4.800895961467986e-09	0.9325512	0.00025236348	1.6881844e-05	0.9325511	0.0002523635	1.6881844e-05	0.9997983	0.00058486225	3.1660973e-05	0.8817838	1.3484772e-06	5.7245466e-06
5.001056493765282e-09	0.93255436	-0.00019691288	-7.2037205e-05	0.93255436	-0.00019691288	-7.2037205e-05	0.9998032	-0.0004633799	-0.00015791411	0.88178587	4.2517286e-06	-7.2056146e-06
5.2015735057873135e-09	0.93255377	0.00013797311	0.00010016987	0.93255377	0.00013797311	0.00010016988	0.9998022	0.00033567264	0.0002266136	0.88178563	-1.1277047e-05	4.712929e-06
5.400252135292456e-09	0.9325537	-9.765714e-05	-0.00010105391	0.9325537	-9.765718e-05	-0.000101053905	0.99980354	-0.00024637757	-0.00023661494	0.881784	1.4617468e-05	1.285985e-06
5.6014173152960285e-09	0.9325537	8.268655e-05	8.748686e-05	0.9325537	8.268655e-05	8.748686e-05	0.9998035	0.00020574994	0.00021540183	0.8817844	-1.02180775e-05	-9.080792e-06
5.8006841353060765e-09	0.9325551	-0.000111239744	-7.940329e-05	0.9325551	-0.000111239744	-7.940329e-05	0.99980253	-0.0002568097	-0.00019989134	0.8817875	-1.3434928e-06	1.1557495e-05
6.000930639712413e-09	0.93255126	0.0001485597	0.00011338948	0.93255126	0.0001485597	0.00011338948	0.99980056	0.0003308636	0.0002723658	0.88178253	1.0932018e-05	-6.627519e-06
6.201414097466982e-09	0.9325536	-0.00014141519	-0.0001864151	0.9325536	-0.00014141516	-0.0001864151	0.99980044	-0.00031263364	-0.0004318915	0.88178664	-1.215554e-05	-1.0961301e-06
6.4009167984099625e-09	0.9325508	7.091079e-05	0.00025889304	0.93255085	7.091083e-05	0.00025889304	0.99979776	0.00015702684	0.0005942215	0.8817836	5.898506e-06	5.741403e-06
6.600543439359874e-09	0.9325519	5.339365e-05	-0.0002945611	0.9325519	5.339365e-05	-0.0002945611	0.9997981	0.00011874278	-0.00067750196	0.8817854	4.059831e-06	-5.4652146e-06
6.800815580969522e-09	0.93255323	-0.00020216074	0.00026971314	0.93255323	-0.00020216074	0.0002697131	0.99979794	-0.00045621293	0.00062576105	0.88178796	-1.0368093e-05	9.19682e-07
7.000644899856815e-09	0.9325476	0.0003220488	-0.00017939237	0.9325477	0.0003220488	-0.00017939234	0.99979377	0.00073559687	-0.00042264204	0.88178134	9.846258e-06	4.245595e-06
7.2008006155031576e-09	0.9325521	-0.0003722652	4.295101e-05	0.9325521	-0.0003722653	4.2951015e-05	0.9997981	-0.0008593651	0.00010939616	0.8817857	-4.5361144e-06	-7.210834e-06
7.4017494629834015e-09	0.9325526	0.00031957458	9.1505986e-05	0.9325526	0.0003195746	9.150598e-05	0.9997968	0.00074843795	0.00020157798	0.8817875	-4.189009e-06	8.40866e-06
7.60079570800004e-09	0.9325511	-0.00020285022	-0.00016038287	0.9325511	-0.00020285035	-0.00016038287	0.99980056	-0.00048654983	-0.00036222272	0.8817821	1.1325298e-05	-8.006687e-06
7.80010768024074e-09	0.93255407	8.230936e-05	0.00015669833	0.93255407	8.230932e-05	0.00015669833	0.99980235	0.00021261052	0.0003579161	0.8817861	-1.605961e-05	4.791757e-06
8.001043948400067e-09	0.93255466	-1.8976052e-05	-0.00010808192	0.93255466	-1.8976052e-05	-0.00010808192	0.9998024	-6.732255e-05	-0.0002540601	0.8817869	1.7522174e-05	2.1223327e-06
8.20113952756064e-09	0.93255144	3.798094e-05	6.362449e-05	0.93255144	3.798098e-05	6.362448e-05	0.999803	0.00010353239	0.00016321731	0.8817809	-1.1506119e-05	-1.1561725e-05
8.401630368540327e-09	0.932557	-0.00010231079	-6.663073e-05	0.932557	-0.0001023108	-6.663073e-05	0.9998045	-0.00023674584	-0.00017906132	0.88178945	-8.214503e-07	1.8247172e-05
8.600334202233634e-09	0.9325517	0.0001521578	0.000120624834	0.9325517	0.0001521578	0.000120624834	0.9998009	0.00033570334	0.00030052502	0.88178253	1.3593459e-05	-1.5188327e-05
8.801267049701835e-09	0.9325526	-0.0001314383	-0.00020422973	0.9325526	-0.00013143834	-0.00020422973	0.9998019	-0.0002812753	-0.0004802081	0.8817836	-1.8321194e-05	4.11633e-06
9.000588248371894e-09	0.9325554	3.919587e-05	0.00026669522	0.9325554	3.919587e-05	0.00026669522	0.99980026	7.5789045e-05	0.00060993945	0.8817899	1.157057e-05	7.5677603e-06
9.200631313764983e-09	0.93254876	0.000103861115	-0.00028005458	0.9325487	0.000103861115	-0.00028005455	0.99979734	0.00023884172	-0.0006330382	0.8817802	1.9594768e-06	-1.357445e-05
9.400065458088379e-09	0.9325528	-0.00024199825	0.00023084773	0.9325528	-0.00024199825	0.00023084773	0.9997997	-0.0005419396	0.00052710256	0.88178575	-1.5561589e-05	7.194259e-06
9.600789430882264e-09	0.93255216	0.00032737586	-0.0001253409	0.9325522	0.00032737586	-0.0001253409	0.99979436	0.0007401686	-0.0003028344	0.8817886	1.5744003e-05	8.655358e-06
9.800527273353747e-09	0.9325476	-0.00032996462	1.2890503e-05	0.9325476	-0.00032996462	1.2890502e-05	0.99979585	-0.00076878705	5.6139066e-05	0.8817794	1.3184326e-06	-1.97594e-05
1.0000124692001438e-08	0.93255377	0.00027405703	7.7543584e-05	0.93255377	0.00027405698	7.7543584e-05	0.9997968	0.0006656254	0.00015715256	0.8817896	-2.1552029e-05	1.7443885e-05
1.0201070528794828e-08	0.9325518	-0.00018733002	-0.00013475138	0.9325518	-0.00018732995	-0.00013475139	0.99979866	-0.0004789916	-0.00031109754	0.88178474	3.2856144e-05	-1.6212963e-06
1.0400479898610727e-08	0.93255013	0.00011906913	0.00014364209	0.93255013	0.00011906913	0.00014364207	0.99979997	0.00030957838	0.00035831047	0.8817806	-2.4752888e-05	-1.8418845e-05
1.0601092692319163e-08	0.93255746	-8.341751e-05	-0.00013565944	0.93255746	-8.341751e-05	-0.00013565944	0.9998032	-0.00019309575	-0.0003539927	0.88179135	-6.173684e-07	2.916826e-05
1.0800974117900063e-08	0.9325504	7.342456e-05	0.00013314858	0.9325504	7.342452e-05	0.0001331486	0.99980104	0.00013778334	0.0003377711	0.8817804	2.4838453e-05	-2.1328366e-05
1.1000582745780691e-08	0.93255514	-6.200039e-05	-0.00014032531	0.93255514	-6.200039e-05	-0.00014032531	0.9998046	-0.00010093666	-0.00032864083	0.88178617	-3.2606025e-05	1.8409121e-06
1.1200304538725415e-08	0.9325558	4.36065e-05	0.00015744861	0.93255585	4.36065e-05	0.00015744862	0.9998033	7.571314e-05	0.00034279446	0.8817881	1.936784e-05	1.7524342e-05
1.1400396298915783e-08	0.93254966	-9.120063e-06	-0.00018013948	0.93254966	-9.120063e-06	-0.00018013948	0.99980104	-3.1339685e-05	-0.00038575815	0.88177913	7.655078e-06	-2.4910518e-05
1.160078966455644e-08	0.9325561	-4.2823394e-05	0.0001964348	0.9325561	-4.2823394e-05	0.0001964348	0.999803	-5.8331923e-05	0.0004392227	0.881789	-3.1115633e-05	1.3145483e-05
1.1801091862534307e-08	0.9325527	0.0001042862	-0.00019267206	0.9325527	0.0001042862	-0.00019267206	0.99979925	0.00019831474	-0.00046129315	0.88178587	3.330058e-05	1.0119699e-05
1.20007142082583e-08	0.9325488	-0.00016357645	0.00017097189	0.9325488	-0.00016357636	0.00017097189	0.9997989	-0.00036512304	0.00043533123	0.88177943	-1.1421801e-05	-2.8602457e-05
1.220079408751707e-08	0.93255556	0.00023030065	-0.000128517	0.93255556	0.00023030068	-0.000128517	0.9997971	0.0005624085	-0.0003404261	0.8817926	-2.0419402e-05	3.1460826e-05
1.2401520763163618e-08	0.9325476	-0.00029262796	5.701812e-05	0.9325476	-0.00029262796	5.7018126e-05	0.99979514	-0.0007393285	0.00015170262	0.8817801	4.4602897e-05	-1.44626265e-05
1.2601311080987482e-08	0.93254983	0.00031880295	3.4480294e-05	0.93254983	0.00031880295	3.4480294e-05	0.99979514	0.0008005036	9.8355966e-05	0.8817839	-4.4849898e-05	-1.3741751e-05
1.280040000688901e-08	0.93255544	-0.0002900456	-0.00012625629	0.93255544	-0.0002900456	-0.00012625629	0.9997996	-0.0006973723	-0.00034133875	0.8817905	1.7460146e-05	3.6117257e-05
1.3001608280575126e-08	0.9325472	0.00019944563	0.00020062215	0.9325472	0.00019944563	0.00020062215	0.999797	0.00043661898	0.0005177224	0.88177794	2.0394618e-05	-3.876824e-05
1.3201339052339002e-08	0.9325565	-8.9554815e-05	-0.00022796047	0.9325565	-8.9554895e-05	-0.00022796048	0.99980223	-0.00014729622	-0.0005537931	0.8817903	-4.5963905e-05	1.8022307e-05
1.3400246067427793e-08	0.9325533	-2.780097e-06	0.0002161199	0.93255323	-2.7801564e-06	0.00021611991	0.9998017	-6.568219e-05	0.00048524718	0.8817851	4.4707085e-05	1.29459795e-05
1.360146350966206e-08	0.9325497	6.73868e-05	-0.0001744688	0.9325497	6.7386776e-05	-0.0001744688	0.9998019	0.00017396192	-0.00035716165	0.88177854	-1.3070655e-05	-3.654732e-05
1.380122231653305e-08	0.9325592	-7.253483e-05	0.00012651163	0.9325592	-7.253483e-05	0.00012651162	0.9998056	-0.00013716776	0.0002481537	0.8817924	-2.3741548e-05	3.467962e-05
1.4000421424824205e-08	0.9325521	3.77325e-05	-0.00010243574	0.9325521	3.77325e-05	-0.00010243574	0.99980205	2.8588773e-05	-0.00022354865	0.88178265	4.463571e-05	-1.1003218e-05
1.4200994806412738e-08	0.932551	-1.2695947e-05	0.000117922325	0.932551	-1.2695947e-05	0.000117922325	0.9998022	2.1967464e-05	0.0003006311	0.8817808	-3.8864582e-05	-2.0011132e-05
1.4400049544750265e-08	0.9325588	3.0266181e-05	-0.00016123113	0.9325587	3.0266181e-05	-0.00016123113	0.99980235	6.0695158e-05	-0.00042508438	0.881794	7.294612e-06	3.796121e-05
1.4600185094364832e-08	0.9325471	-0.00011996277	0.00019346249	0.9325471	-0.00011996277	0.00019346252	0.99979925	-0.00031422777	0.00049164105	0.881776	2.6694643e-05	-3.1643176e-05
1.4800090883783678e-08	0.9325536	0.00024543286	-0.00017054954	0.9325536	0.00024543284	-0.00017054955	0.99979794	0.00062785466	-0.00040548472	0.88178843	-4.327138e-05	6.8114955e-06
1.5000557611862165e-08	0.9325536	-0.00034685875	7.460858e-05	0.9325536	-0.00034685875	7.460858e-05	0.9997978	-0.0008514002	0.00014804315	0.8817886	3.4037643e-05	1.9170162e-05
1.5200845527915698e-08	0.9325447	0.000370297	5.9176997e-05	0.93254465	0.000370297	5.9176997e-05	0.9997926	0.0008710366	0.00018097289	0.88177687	-7.7297045e-06	-3.277111e-05
1.5400341628468733e-08	0.93255657	-0.0003098003	-0.00018420859	0.93255657	-0.0003098004	-0.00018420859	0.9997991	-0.000694332	-0.00046434777	0.88179296	-1.950304e-05	2.7278635e-05
1.560126869652468e-08	0.93254983	0.00017526747	0.00026531357	0.93254983	0.00017526747	0.00026531355	0.9997973	0.00036304878	0.0006258239	0.8817822	3.350494e-05	-6.8487298e-06
1.5801578155474442e-08	0.93254966	-2.9033932e-05	-0.00026918275	0.93254966	-2.9033932e-05	-0.00026918275	0.99979925	-3.2764376e-05	-0.0006082356	0.8817805	-2.6217253e-05	-1.3219482e-05
1.6000110450643054e-08	0.93255806	-6.6800596e-05	0.0002168567	0.93255806	-6.6800596e-05	0.00021685669	0.9998024	-0.00016497534	0.00047459212	0.88179284	7.315726e-06	2.2282922e-05
1.6200418439221007e-08	0.93254983	0.000105721716	-0.00014731142	0.93254983	0.000105721716	-0.00014731142	0.9998006	0.00022874525	-0.00031831992	0.8817797	1.2846843e-05	-1.8210952e-05
1.640043259940977e-08	0.93255377	-8.718964e-05	9.858434e-05	0.9325537	-8.718964e-05	9.858434e-05	0.99980366	-0.00017182842	0.00022431917	0.88178426	-2.3292401e-05	3.6625877e-06
1.66009497300059e-08	0.93255806	4.1979776e-05	-9.108794e-05	0.93255806	4.1979736e-05	-9.108794e-05	0.9998042	7.518773e-05	-0.00022770597	0.8817914	1.6909582e-05	1.2049936e-05
1.680126704475226e-08	0.93254846	-2.287343e-05	0.00012388459	0.93254846	-2.287343e-05	0.0001238846	0.999802	-5.216195e-05	0.00031146515	0.8817763	-7.629533e-07	-1.772675e-05
1.7001560913003898e-08	0.9325571	6.396592e-05	-0.00016162543	0.9325571	6.396596e-05	-0.00016162543	0.99980307	0.00016841714	-0.00039099675	0.88179094	-1.4888424e-05	1.1535246e-05
1.7200012033412755e-08	0.93255305	-0.00014992311	0.00016703736	0.9325531	-0.00014992307	0.00016703736	0.99980223	-0.00037564046	0.0003873011	0.8817842	2.0479145e-05	7.523166e-07
1.7401135235288565e-08	0.9325486	0.00025801727	-0.00011769776	0.9325486	0.00025801721	-0.00011769775	0.99979734	0.0006153772	-0.00025614485	0.88178015	-1.176676e-05	-1.3179073e-05
1.7600510871455064e-08	0.93255675	-0.00033022437	3.1703803e-05	0.93255675	-0.00033022428	3.1703803e-05	0.9997996	-0.00076319324	5.3180152e-05	0.8817928	-3.3604974e-06	1.5490532e-05
1.7800997728173864e-08	0.9325471	0.00034399802	8.222148e-05	0.9325471	0.00034399802	8.222147e-05	0.99979377	0.00077923515	0.00019915115	0.88178	1.5421543e-05	-6.052956e-06
1.8001146391969562e-08	0.9325503	-0.0002818019	-0.00018702085	0.9325503	-0.0002818019	-0.00018702085	0.9997966	-0.00063559384	-0.00042667222	0.88178355	-1.4711479e-05	-6.0994057e-06
1.8201070991087537e-08	0.93255514	0.0001644164	0.00025567898	0.9325551	0.0001644164	0.00025567898	0.99979794	0.00038007245	0.0005775273	0.88179094	1.6099484e-06	1.2704132e-05
1.8401380536476866e-08	0.93254834	-3.0684085e-05	-0.00027145806	0.93254834	-3.0684085e-05	-0.00027145806	0.99979794	-8.55218e-05	-0.0006199772	0.8817793	1.0714506e-05	-8.348331e-06
1.86002751262876e-08	0.93255436	-6.764571e-05	0.00024129558	0.93255424	-6.764571e-05	0.00024129558	0.9998002	-0.00013684575	0.0005662743	0.88178796	-1.540465e-05	-4.042591e-06
1.880103858760992e-08	0.9325537	0.0001273887	-0.00018453777	0.9325537	0.0001273887	-0.00018453777	0.9998009	0.0002899694	-0.0004464271	0.8817863	4.650616e-06	1.3171905e-05
1.9001281989812453e-08	0.9325497	-0.000136931	0.00012415627	0.9325497	-0.00013693092	0.00012415627	0.9998017	-0.0003324368	0.00030307478	0.88177866	1.0663347e-05	-1.09157645e-05
1.9200964130146992e-08	0.9325586	0.00011311431	-8.2207844e-05	0.9325586	0.00011311431	-8.2207844e-05	0.9998037	0.000283182	-0.00018921604	0.8817929	-1.5275888e-05	-1.4235087e-06
1.9400925047703793e-08	0.9325518	-8.532407e-05	7.516837e-05	0.9325518	-8.532407e-05	7.516837e-05	0.9998042	-0.00020844191	0.00015634365	0.8817805	7.622472e-06	1.3886226e-05
1.960068515028323e-08	0.9325528	8.922322e-05	-9.2261165e-05	0.9325528	8.922322e-05	-9.2261165e-05	0.99980223	0.00019342212	-0.00019652121	0.88178396	1.0559783e-05	-1.35514865e-05
1.980091205596034e-08	0.9325571	-0.00013491763	0.00010553022	0.9325571	-0.00013491762	0.00010553023	0.9998042	-0.00028431532	0.0002471763	0.8817898	-2.213153e-05	-1.4035226e-06
2.0001241894053674e-08	0.9325497	0.00020848252	-8.779034e-05	0.93254966	0.00020848252	-8.779034e-05	0.99979943	0.00046822993	-0.00023028777	0.8817804	1.2389944e-05	1.9786126e-05
2.0200160353516963e-08	0.9325531	-0.00027414865	3.147632e-05	0.9325531	-0.00027414862	3.1476317e-05	0.99979943	-0.0006504762	0.000106747895	0.8817865	9.955222e-06	-2.5348916e-05
2.04007304140764e-08	0.9325521	0.00030620323	6.338541e-05	0.9325521	0.00030620323	6.338541e-05	0.9997962	0.00075377704	0.00013319716	0.881787	-3.168565e-05	1.0681997e-05
2.0600048897641834e-08	0.9325487	-0.00028757224	-0.00016297685	0.9325487	-0.00028757224	-0.00016297687	0.99979645	-0.0007123861	-0.0003984078	0.8817809	3.313582e-05	1.4758463e-05
2.0800800619362023e-08	0.93255335	0.00020542613	0.00025747594	0.93255335	0.00020542617	0.00025747594	0.9997965	0.00048823023	0.000642136	0.88178915	-8.073002e-06	-3.2917782e-05
2.100013666341505e-08	0.9325506	-7.349872e-05	-0.00030607663	0.9325506	-7.349872e-05	-0.00030607663	0.9997986	-0.00014015684	-0.0007475266	0.88178265	-2.3175407e-05	2.7189868e-05
2.1201148678966073e-08	0.93255055	-8.576485e-05	0.00029006958	0.93255055	-8.576489e-05	0.00029006958	0.99979794	-0.00025090028	0.0006749467	0.88178307	3.890162e-05	-4.880379e-07
2.1401693953231662e-08	0.93255514	0.000196202	-0.00021397024	0.93255514	0.000196202	-0.00021397026	0.99979925	0.00048818157	-0.00046145453	0.88179016	-2.4224131e-05	-2.7135417e-05
2.1600497194004805e-08	0.932551	-0.00022485835	0.00012333281	0.932551	-0.00022485835	0.00012333281	0.9998019	-0.00051067694	0.00023930591	0.88178086	-9.083513e-06	3.578051e-05
2.1801569201595397e-08	0.93255407	0.00018820835	-4.52808e-05	0.93255407	0.00018820835	-4.52808e-05	0.9998017	0.00038303324	-8.2127386e-05	0.8817866	4.1129075e-05	-1.7463988e-05
2.200029043736112e-08	0.9325551	-0.00012002541	1.7795184e-05	0.9325551	-0.00012002541	1.7795184e-05	0.99980485	-0.00021727658	6.148126e-05	0.8817857	-4.6606678e-05	-1.5185015e-05
2.2200256722328e-08	0.9325529	7.298472e-05	-3.2401007e-05	0.9325529	7.298472e-05	-3.2401007e-05	0.9998033	0.00014311248	-0.00013084977	0.8817831	2.0042598e-05	4.1921532e-05
2.240096706313469e-08	0.93255496	-8.9663765e-05	6.1542494e-05	0.93255496	-8.9663765e-05	6.1542494e-05	0.99980396	-0.00023612297	0.00020057896	0.88178647	2.0903715e-05	-4.342118e-05
2.2600081200329215e-08	0.9325537	0.00015739366	-7.27935e-05	0.9325537	0.00015739357	-7.27935e-05	0.9998022	0.0004339023	-0.00019541367	0.88178533	-5.1353036e-05	1.9776899e-05
2.2801145294690624e-08	0.93255144	-0.00024794685	3.3685348e-05	0.93255144	-0.0002479468	3.3685348e-05	0.99980056	-0.00064643106	5.649128e-05	0.88178265	5.2883235e-05	1.6468317e-05
2.3000758052785248e-08	0.9325528	0.0003093081	4.9728715e-05	0.9325528	0.0003093081	4.9728715e-05	0.99979645	0.0007509371	0.00017081042	0.8817883	-2.4093983e-05	-4.1680258e-05
2.320086650549542e-08	0.9325501	-0.00029995598	-0.00016737428	0.9325501	-0.00029995598	-0.0001673743	0.9997978	-0.000677323	-0.0004447798	0.88178205	-1.50690375e-05	4.2049178e-05
2.340031338508063e-08	0.93255126	0.00020737403	0.00027474252	0.93255126	0.00020737403	0.00027474252	0.99979556	0.0004241594	0.0006639013	0.8817861	4.371485e-05	-1.904748e-05
2.360136828160066e-08	0.9325522	-4.3431708e-05	-0.00033160642	0.9325522	-4.3431708e-05	-0.00033160642	0.99979794	-4.079585e-05	-0.00075323245	0.8817858	-4.5421784e-05	-1.33057465e-05
2.3800276637836744e-08	0.93255043	-0.0001126646	0.00030926956	0.93255043	-0.00011266461	0.00030926956	0.9997983	-0.0002874537	0.0006719592	0.88178265	1.9289613e-05	3.5462082e-05
2.4001339089043286e-08	0.9325529	0.00022489937	-0.00022258749	0.9325529	0.00022489937	-0.00022258749	0.999797	0.0005022288	-0.00046964164	0.88178796	1.5533275e-05	-3.607735e-05
2.420032730819434e-08	0.9325518	-0.00025770173	0.00011913004	0.9325519	-0.00025770176	0.00011913004	0.9998011	-0.0005420795	0.00025662515	0.881783	-4.301413e-05	1.5330028e-05
2.440083348144e-08	0.9325533	0.0002262937	-2.5904737e-05	0.93255335	0.00022629368	-2.5904737e-05	0.99980104	0.00046524563	-8.019616e-05	0.8817855	4.5900284e-05	1.5081822e-05
2.460084820810098e-08	0.9325536	-0.00015420704	-1.972419e-05	0.9325536	-0.00015420704	-1.972419e-05	0.99980354	-0.00032906185	4.6282535e-06	0.8817842	-2.220242e-05	-3.8108723e-05
2.4800561335248263e-08	0.93255514	9.492653e-05	1.081382e-05	0.9325551	9.492653e-05	1.081382e-05	0.99980396	0.00023549543	-2.8465303e-05	0.88178647	-1.1193628e-05	4.046705e-05
2.5000299410767915e-08	0.9325538	-8.274801e-05	2.5091682e-05	0.93255377	-8.274793e-05	2.509168e-05	0.99980414	-0.00024728983	8.698653e-05	0.88178396	4.1470503e-05	-2.1634978e-05
2.5200550350092207e-08	0.9325537	0.00013095075	-4.5671673e-05	0.9325537	0.00013095078	-4.5671673e-05	0.99980223	0.00036766828	-9.651903e-05	0.88178533	-4.7756403e-05	-7.2851785e-06
2.5401173550691574e-08	0.93255347	-0.00021151446	1.8181338e-05	0.9325535	-0.00021151447	1.818134e-05	0.9998029	-0.0005300775	1.6891405e-06	0.8817844	2.898011e-05	3.0631894e-05
2.5600355631126226e-08	0.9325522	0.0002747982	5.9922208e-05	0.9325522	0.0002747982	5.9922208e-05	0.9997975	0.0006397309	0.00018452686	0.8817862	-7.0341787e-07	-3.414634e-05
2.5801486945148052e-08	0.93255144	-0.00027360776	-0.00017602336	0.93255156	-0.00027360764	-0.00017602336	0.9997983	-0.0006009311	-0.0004347826	0.8817843	-2.6499976e-05	1.9323332e-05
2.6001670064463926e-08	0.9325511	0.00018945974	0.00027835733	0.9325511	0.00018945974	0.00027835733	0.999797	0.0003982658	0.0006447684	0.8817847	3.1823965e-05	1.7403656e-06
2.6201316703571952e-08	0.93255144	-4.0316212e-05	-0.00032944782	0.93255144	-4.0316132e-05	-0.00032944782	0.9997971	-6.666957e-05	-0.00074431935	0.8817853	-2.0421272e-05	-1.624633e-05
2.6400972706689733e-08	0.93255174	-0.00012955662	0.00030784126	0.93255174	-0.00012955663	0.00030784126	0.9997985	-0.00030337495	0.0006929503	0.8817846	1.6647072e-06	1.7108496e-05
2.660071762675544e-08	0.9325518	0.00025343464	-0.00021954376	0.93255174	0.00025343464	-0.00021954376	0.99979687	0.0005707409	-0.00049918354	0.88178605	1.3888574e-05	-8.433541e-06
2.6800323966949968e-08	0.9325508	-0.00028578882	0.000108503744	0.9325508	-0.00028578888	0.000108503744	0.99979866	-0.00064117415	0.000255465	0.8817827	-1.749552e-05	-2.4426308e-06
2.700141530044764e-08	0.93255395	0.00024436347	-1.5150097e-05	0.93255395	0.00024436347	-1.5150097e-05	0.9997999	0.000550707	-4.7190264e-05	0.8817875	1.3093708e-05	9.038184e-06
2.720015118637768e-08	0.9325531	-0.00017112406	-2.6712658e-05	0.93255305	-0.00017112406	-2.6712658e-05	0.9998029	-0.00039225843	-4.8139398e-05	0.88178384	-4.1815324e-06	-1.0536836e-05
2.7400124506673814e-08	0.9325537	0.000110693814	3.2386317e-05	0.9325537	0.00011069379	3.2386317e-05	0.99980265	0.00026444174	6.0949078e-05	0.88178504	-5.376671e-06	1.0823263e-05
2.7601198542383436e-08	0.93255496	-9.388182e-05	-1.3329976e-05	0.93255496	-9.388185e-05	-1.3329976e-05	0.99980515	-0.00023731511	-1.9351119e-05	0.88178515	1.4401271e-05	-8.784398e-06
2.7800224726737715e-08	0.9325537	0.00012995012	-2.1011433e-06	0.9325537	0.00012995012	-2.1011429e-06	0.99980235	0.00033201286	-9.495284e-06	0.8817854	-2.2594799e-05	3.480961e-06
2.8000894604003806e-08	0.93255335	-0.00019326319	-1.9575267e-05	0.93255335	-0.0001932633	-1.9575267e-05	0.9998032	-0.0004778165	-5.4276385e-05	0.88178414	2.1555836e-05	6.621858e-06
2.8200127130158152e-08	0.93255305	0.00023707654	8.147062e-05	0.93255305	0.00023707654	8.147062e-05	0.9998004	0.00056845543	0.00021271492	0.8817858	-1.3092946e-05	-1.7610444e-05
2.8400348658182698e-08	0.93255156	-0.00022319713	-0.00017488308	0.93255156	-0.00022319714	-0.00017488308	0.99979925	-0.00051527633	-0.00043690245	0.881784	-2.695916e-06	2.2924794e-05
2.8601033004081898e-08	0.9325524	0.00013931176	0.0002603785	0.9325524	0.00013931176	0.0002603785	0.9997982	0.00029561506	0.00062963204	0.88178617	2.1313057e-05	-1.838433e-05
2.8801242305423708e-08	0.93255174	-9.464476e-06	-0.00030104036	0.93255174	-9.464476e-06	-0.0003010404	0.9997982	1.4332361e-05	-0.00070525304	0.88178504	-2.7429905e-05	4.1144194e-06
2.900022023228545e-08	0.9325506	-0.000118315416	0.00028291624	0.93255055	-0.000118315416	0.00028291627	0.99979734	-0.00030486129	0.00064230553	0.8817835	2.2514703e-05	1.1600322e-05
2.9200962031723428e-08	0.93255246	0.00022024898	-0.00021211107	0.93255246	0.00022024898	-0.00021211107	0.9997967	0.00052004517	-0.00046638626	0.8817875	-6.0780817e-06	-2.0149535e-05
2.940148093391203e-08	0.9325508	-0.00027032313	0.000120245764	0.9325508	-0.00027032313	0.00012024577	0.999798	-0.00060930924	0.00025589726	0.8817832	-1.4410341e-05	1.7837532e-05
2.9600835061320545e-08	0.9325521	0.00027047	-3.7025082e-05	0.9325521	0.00027047002	-3.7025082e-05	0.9997975	0.0005978334	-8.006754e-05	0.8817861	2.3331377e-05	-4.5307806e-06
2.9800465942499666e-08	0.93255323	-0.00023442802	-3.097245e-05	0.93255323	-0.00023442811	-3.097245e-05	0.99980253	-0.00051792536	-5.4430493e-05	0.88178426	-2.0405696e-05	-1.3263126e-05
3.000067267767461e-08	0.9325531	0.00017297438	6.746452e-05	0.9325531	0.00017297438	6.746452e-05	0.9998016	0.0003997128	0.00012592031	0.8817849	1.8011541e-06	2.3334125e-05
3.02008132215117e-08	0.9325545	-0.000120355035	-7.208089e-05	0.9325546	-0.000120355035	-7.208089e-05	0.99980384	-0.00030933987	-0.00014014739	0.88178563	2.2316228e-05	-2.0695026e-05
3.040162351902739e-08	0.9325535	0.000103553226	6.560102e-05	0.9325535	0.000103553226	6.560102e-05	0.99980336	0.0002869389	0.00014715885	0.88178426	-3.48908e-05	4.030076e-06
3.0600532440094503e-08	0.9325538	-0.000121393954	-6.716854e-05	0.9325538	-0.000121393954	-6.716854e-05	0.9998033	-0.00032551785	-0.00018111117	0.8817849	3.2706128e-05	1.8850842e-05
3.0801636660935994e-08	0.93255436	0.00014915434	9.837433e-05	0.93255436	0.00014915425	9.837433e-05	0.9998016	0.00035740956	0.000275334	0.8817869	-8.064764e-06	-3.521889e-05
3.100139343492091e-08	0.9325518	-0.00016034639	-0.00015130814	0.9325518	-0.00016034639	-0.00015130814	0.9998014	-0.00034072527	-0.00039509416	0.88178253	-2.4172348e-05	3.2734715e-05
3.120011348938075e-08	0.9325529	0.00012893033	0.00021061036	0.9325529	0.00012893029	0.0002106104	0.9997986	0.00024354008	0.00050513254	0.8817866	4.240701e-05	-1.1735061e-05
3.140091261917493e-08	0.9325519	-4.143162e-05	-0.00026350602	0.932552	-4.1431696e-05	-0.00026350605	0.9997991	-4.349445e-05	-0.0005885609	0.88178474	-3.98744e-05	-1.811036e-05
3.1601231094579226e-08	0.93255144	-8.610366e-05	0.00028095164	0.93255144	-8.610358e-05	0.00028095162	0.9997985	-0.0002140166	0.0006033783	0.8817842	1.0462865e-05	3.754012e-05
3.180068570378702e-08	0.9325519	0.00021793407	-0.0002469441	0.9325518	0.000217934	-0.0002469441	0.99979585	0.0004725535	-0.0005297767	0.8817869	2.5713209e-05	-3.3423632e-05
3.2000073821250094e-08	0.9325502	-0.00031196352	0.00015865057	0.9325502	-0.00031196352	0.00015865057	0.999798	-0.00066381675	0.00036013586	0.8817825	-4.6337038e-05	6.5419963e-06
3.220036726507333e-08	0.9325515	0.00033700225	-3.9447186e-05	0.9325515	0.0003370023	-3.944719e-05	0.99979603	0.00073371944	-0.0001262529	0.88178617	3.7505997e-05	2.6085569e-05
3.2400269561521396e-08	0.93255305	-0.00029082087	-6.826091e-05	0.93255305	-0.00029082087	-6.826091e-05	0.99980026	-0.0006725902	-0.00010178429	0.8817857	-2.609382e-06	-4.29529e-05
3.260164842293147e-08	0.9325524	0.00019510221	0.00014187161	0.93255246	0.00019510217	0.00014187161	0.9998011	0.0005016821	0.0002876913	0.8817839	-3.6345402e-05	3.178705e-05
3.280036285655112e-08	0.9325542	-9.837571e-05	-0.00014776785	0.93255424	-9.837571e-05	-0.00014776785	0.99980307	-0.00029910382	-0.0003427425	0.88178563	5.3160766e-05	-5.744335e-07
3.3000167359802227e-08	0.9325544	4.098563e-05	0.00011062969	0.93255436	4.098567e-05	0.00011062969	0.9998028	0.00014627913	0.000298124	0.88178587	-3.850453e-05	-3.0916544e-05
3.32008854499391e-08	0.9325531	-4.9167797e-05	-6.692576e-05	0.9325531	-4.9167757e-05	-6.692576e-05	0.9998045	-0.00011640222	-0.00021379875	0.8817827	1.5893187e-06	4.395396e-05
3.340016241777188e-08	0.9325553	0.00010383429	6.2941435e-05	0.9325553	0.00010383429	6.2941435e-05	0.99980235	0.00019976309	0.00018776621	0.881788	3.1413863e-05	-3.1293315e-05
3.3601028205546196e-08	0.9325519	-0.0001504295	-0.000118303724	0.9325519	-0.0001504295	-0.00011830373	0.99980235	-0.00028588373	-0.0002766922	0.8817821	-4.8170936e-05	1.2694684e-06
3.380052312222981e-08	0.9325537	0.00013811367	0.00020387936	0.9325537	0.00013811367	0.00020387939	0.99980056	0.00027599742	0.0004407694	0.8817865	3.4019922e-05	2.5042553e-05
3.400148370596018e-08	0.9325528	-4.3986216e-05	-0.0002800208	0.9325528	-4.3986136e-05	-0.00028002076	0.9997991	-9.9135774e-05	-0.00060442503	0.88178605	-2.3521336e-06	-3.511625e-05
3.4201268897991147e-08	0.9325508	-9.9875135e-05	0.0003009219	0.9325508	-9.9875135e-05	0.0003009219	0.9997996	-0.00019933081	0.00066733087	0.88178235	-2.4792278e-05	2.430654e-05
3.440042325985915e-08	0.93255234	0.00025319058	-0.00024935498	0.93255234	0.00025319058	-0.00024935498	0.9997967	0.000536251	-0.000576904	0.8817873	3.949822e-05	-2.0763869e-06
3.4600740150584574e-08	0.93255055	-0.00035775948	0.00013147134	0.93255055	-0.00035775953	0.00013147134	0.9997971	-0.0007923406	0.00033196693	0.8817836	-2.967882e-05	-1.9890014e-05
3.480092629832326e-08	0.93255097	0.00036993326	7.642189e-06	0.93255097	0.00036993326	7.642189e-06	0.9997957	0.0008544503	-2.1670172e-05	0.88178545	4.1536337e-06	2.977115e-05
3.5001422383406875e-08	0.93255293	-0.0002944715	-0.00011934497	0.93255293	-0.0002944716	-0.00011934497	0.9997991	-0.0007105957	-0.00024769176	0.8817864	1.9675832e-05	-2.2451328e-05
3.520093446516816e-08	0.9325511	0.00017227951	0.00016810861	0.9325511	0.00017227956	0.00016810861	0.99979925	0.00044716758	0.0003852985	0.88178325	-3.524358e-05	4.1440844e-06
3.54006620036265e-08	0.9325535	-6.6746274e-05	-0.00015503739	0.9325536	-6.674624e-05	-0.00015503739	0.999803	-0.00019212643	-0.0003815814	0.8817846	2.7907434e-05	1.5988877e-05
3.560144224804879e-08	0.93255496	2.4641295e-05	0.00011244938	0.93255484	2.4641295e-05	0.00011244939	0.9998019	6.324748e-05	0.00029664394	0.8817877	-4.503785e-06	-2.6605741e-05
3.580137749068739e-08	0.9325518	-4.936365e-05	-8.658818e-05	0.9325518	-4.936365e-05	-8.658818e-05	0.9998037	-9.175327e-05	-0.00022633269	0.88178104	-1.7362536e-05	1.8909994e-05
3.600169589997782e-08	0.93255645	9.4393086e-05	0.00010225903	0.9325565	9.439313e-05	0.00010225903	0.99980384	0.00018206109	0.0002397379	0.881789	2.8209612e-05	-1.528737e-06
3.6200419194822803e-08	0.9325524	-0.00011339174	-0.00014954069	0.9325524	-0.00011339178	-0.00014954069	0.99980265	-0.0002376703	-0.0003300981	0.88178277	-1.9569776e-05	-1.32314135e-05
3.640161609796688e-08	0.9325529	7.015358e-05	0.00021019837	0.9325529	7.015358e-05	0.00021019837	0.99980223	0.00016151037	0.0004629547	0.881784	1.1844779e-06	1.9383504e-05
3.660164322526755e-08	0.93255496	2.4476918e-05	-0.00024742828	0.93255496	2.4476918e-05	-0.00024742828	0.99980074	3.6956793e-05	-0.00056020153	0.8817887	1.5055053e-05	-1.1304429e-05
3.680167815738833e-08	0.93255013	-0.00014374239	0.0002404468	0.9325502	-0.00014374242	0.0002404468	0.9997996	-0.00030802283	0.0005625656	0.8817812	-1.9720623e-05	-2.732329e-06
3.7001378937148944e-08	0.93255264	0.00024734598	-0.00018977736	0.93255264	0.00024734598	-0.00018977736	0.9997981	0.0005625287	-0.0004563515	0.8817866	9.403411e-06	1.146905e-05
3.720017866874465e-08	0.9325524	-0.00030921373	0.00010574052	0.9325524	-0.0003092137	0.00010574052	0.9997975	-0.0007215174	0.0002610153	0.8817864	2.0489183e-06	-1.1482013e-05
3.740139676523943e-08	0.9325485	0.0003156494	3.0621663e-06	0.9325485	0.00031564943	3.0621663e-06	0.99979436	0.0007478106	6.7070624e-07	0.8817821	-1.0604089e-05	4.867565e-06
3.760102786121282e-08	0.9325526	-0.00027420736	-8.6861e-05	0.9325527	-0.0002742074	-8.6861e-05	0.9997989	-0.000650535	-0.00020530779	0.88178617	9.895548e-06	2.5587485e-06
3.780071595058121e-08	0.9325518	0.0002143619	0.00014287455	0.9325518	0.00021436189	0.00014287455	0.99979734	0.00050207233	0.0003395527	0.8817858	-2.840324e-06	-5.6048966e-06
3.800095094563078e-08	0.9325513	-0.0001465995	-0.00017694669	0.93255144	-0.0001465995	-0.00017694669	0.9998015	-0.00033827472	-0.0004154604	0.8817819	-1.8971722e-06	3.1159263e-06
3.8200851965475405e-08	0.93255657	7.766063e-05	0.00018543238	0.93255657	7.766063e-05	0.00018543238	0.99980223	0.00017458743	0.00043029097	0.88179034	4.486963e-06	5.7975654e-07
3.840134037142849e-08	0.93255097	-1.623057e-05	-0.00017392304	0.932551	-1.623057e-05	-0.00017392302	0.99980223	-3.6318346e-05	-0.0004002095	0.88178056	-1.0659609e-06	-3.0911988e-06
3.860048612165203e-08	0.93255424	-1.5489732e-05	0.00015235764	0.93255424	-1.5489713e-05	0.00015235764	0.999804	-3.1473486e-05	0.0003498285	0.88178504	-3.4230789e-06	3.279741e-06
3.8800423358758504e-08	0.9325565	2.1481459e-05	-0.00013843396	0.93255657	2.1481459e-05	-0.00013843396	0.9998037	4.1795523e-05	-0.000322499	0.88178915	6.145578e-06	5.2340545e-07
3.900126470147762e-08	0.932551	-2.047887e-05	0.00014111339	0.932551	-2.047883e-05	0.00014111339	0.99980235	-3.820753e-05	0.0003332889	0.8817805	-7.0950296e-06	-3.9668535e-06
3.920076582777765e-08	0.93255484	2.7763379e-05	-0.00015920476	0.93255484	2.7763299e-05	-0.00015920476	0.99980253	6.048498e-05	-0.00037806723	0.881787	3.0607434e-06	6.022424e-06
3.9400244080710375e-08	0.93255347	-6.880616e-05	0.00017980456	0.9325535	-6.880616e-05	0.00017980453	0.99980086	-0.00016075569	0.00042852823	0.88178605	6.101688e-07	-7.965944e-06
3.960073841531203e-08	0.93254966	0.00015828632	-0.0001817571	0.93254966	0.0001582863	-0.00018175713	0.999798	0.00037637426	-0.00043104455	0.88178134	-6.3556827e-06	6.4389615e-06
3.980003859365318e-08	0.9325546	-0.00026455225	0.0001411814	0.9325546	-0.00026455225	0.0001411814	0.99979943	-0.0006317842	0.0003321743	0.88178885	1.2684159e-05	-3.006034e-06
4.000150964895966e-08	0.9325492	0.00034859456	-3.899688e-05	0.9325492	0.00034859456	-3.899688e-05	0.99979424	0.00082421734	-8.790963e-05	0.88178337	-1.047055e-05	-2.0708687e-06
4.020006566558677e-08	0.9325508	-0.0003541513	-7.3084026e-05	0.9325508	-0.0003541513	-7.3084026e-05	0.99979794	-0.0008327122	-0.00017913309	0.8817834	7.1315817e-06	6.976241e-06
4.040000047627765e-08	0.93255466	0.0002817523	0.00018319415	0.93255466	0.00028175235	0.00018319416	0.9997975	0.0006543903	0.00043621668	0.8817904	4.339855e-07	-7.82172e-06
4.0601239604592207e-08	0.9325488	-0.0001493098	-0.00025113323	0.9325488	-0.00014930975	-0.00025113326	0.99979913	-0.00033516678	-0.0005896587	0.88177913	-8.998917e-06	4.431824e-06
4.080136110075307e-08	0.932554	1.3351913e-05	0.00025212817	0.932554	1.3351913e-05	0.00025212817	0.99980104	2.2578124e-05	0.00058397924	0.88178676	6.3866273e-06	1.6017862e-06
4.100040607523615e-08	0.9325549	7.01052e-05	-0.00020326872	0.9325549	7.01052e-05	-0.00020326872	0.9998022	0.00016612628	-0.00046424865	0.8817876	-2.384255e-06	-6.245553e-06
4.120085210500571e-08	0.93255126	-9.39743e-05	0.00013736446	0.9325512	-9.3974275e-05	0.00013736446	0.99980265	-0.00020953944	0.00031138066	0.8817809	-6.7296482e-06	5.993354e-06
4.1400020945784105e-08	0.9325561	6.493285e-05	-9.2073664e-05	0.9325562	6.493285e-05	-9.2073664e-05	0.9998046	0.00013088102	-0.00021302358	0.8817878	1.5146225e-05	-7.6421776e-07
4.1601235590814046e-08	0.9325542	-1.7724433e-05	8.905228e-05	0.9325542	-1.7724355e-05	8.905228e-05	0.9998033	-2.618166e-05	0.00021819309	0.8817853	-1.1339974e-05	-8.440781e-06
4.180115022392937e-08	0.9325512	5.557275e-06	-0.00013125324	0.93255126	5.557236e-06	-0.00013125324	0.9998019	8.603759e-06	-0.00032259102	0.8817813	3.257349e-06	1.3194557e-05
4.200092056240446e-08	0.93255675	-6.0793267e-05	0.00018200405	0.93255675	-6.0793307e-05	0.00018200402	0.9998032	-0.00015092068	0.00043852485	0.88179	7.248091e-06	-1.1652798e-05
4.220157389669794e-08	0.9325504	0.00017742642	-0.00018878983	0.9325503	0.00017742642	-0.00018878984	0.9997989	0.00043190067	-0.00044777026	0.881782	-1.468621e-05	6.723848e-06
4.2401043287914745e-08	0.9325521	-0.00029840687	0.00013100579	0.9325521	-0.0002984069	0.00013100579	0.9997998	-0.00071263785	0.00030379125	0.8817845	1.43112065e-05	5.638158e-07
4.26009942580469e-08	0.9325536	0.0003685276	-9.329243e-06	0.9325536	0.0003685276	-9.329242e-06	0.99979633	0.0008700452	-1.3926213e-05	0.88178957	-1.0086545e-05	-5.8588244e-06
4.2801182748447873e-08	0.9325474	-0.0003471098	-0.00012923763	0.93254745	-0.00034710983	-0.00012923761	0.9997966	-0.000809697	-0.00030931356	0.8817787	2.1131611e-06	6.708212e-06
4.3000176139264106e-08	0.93255305	0.00024820984	0.00022494858	0.93255305	0.00024820984	0.00022494858	0.999797	0.00057545194	0.0005300252	0.88178813	1.163156e-06	-5.3647896e-06
4.3201272429129726e-08	0.93255323	-0.00010675539	-0.00026472073	0.93255323	-0.00010675539	-0.00026472073	0.99979943	-0.0002448365	-0.00061884365	0.8817866	-2.5126024e-06	2.6193945e-06
4.340107408004205e-08	0.9325496	-1.4169219e-05	0.00024249016	0.9325496	-1.4169219e-05	0.00024249016	0.9997988	-3.5196335e-05	0.00056523096	0.8817808	1.7049282e-06	-1.1585548e-06
4.3600566745447494e-08	0.93255556	8.6152126e-05	-0.0001883018	0.9325556	8.615214e-05	-0.00018830183	0.9998019	0.00019938602	-0.00043870733	0.8817889	6.679043e-07	7.383392e-07
4.380159222578947e-08	0.9325529	-0.00010042556	0.00013083684	0.93255293	-0.00010042554	0.00013083681	0.999802	-0.00023378256	0.00030484787	0.88178414	2.5060257e-07	-5.303993e-07
4.400138165539713e-08	0.93255156	7.188719e-05	-0.00010482029	0.9325515	7.1887225e-05	-0.00010482029	0.99980235	0.00016454245	-0.00024405887	0.88178164	1.9383624e-06	2.9593946e-07
4.420049233520374e-08	0.9325581	-4.5835815e-05	0.00011514773	0.9325581	-4.5835815e-05	0.00011514773	0.9998051	-0.00010092161	0.00026797323	0.8817911	-4.2503443e-06	-2.2576297e-07
4.440059359920779e-08	0.93255055	6.3327025e-05	-0.00013704025	0.93255055	6.3327025e-05	-0.00013704025	0.99980205	0.00014133412	-0.00032288124	0.8817798	4.436704e-06	3.2578507e-06
4.460089433989892e-08	0.93255514	-0.00012565318	0.000140143	0.93255514	-0.00012565318	0.00014014299	0.99980366	-0.00028524833	0.00033593504	0.8817869	-5.169405e-06	-7.667483e-06
4.4801646200385165e-08	0.93255484	0.00020053184	-0.000111601505	0.93255484	0.00020053184	-0.000111601505	0.9998017	0.00047173587	-0.0002739008	0.8817876	-4.2097076e-06	1.09240955e-05
4.500156757558357e-08	0.93254906	-0.0002652452	5.5961973e-05	0.93254906	-0.0002652453	5.5961973e-05	0.9997996	-0.00063482544	0.00014278144	0.88177913	1.3764727e-05	-9.581187e-06
4.520143651502845e-08	0.932554	0.0002986683	2.0550238e-05	0.932554	0.00029866825	2.0550238e-05	0.99979746	0.00071964023	4.7868165e-05	0.88178945	-1.9138492e-05	-7.30496e-08
4.5400533587678146e-08	0.93255126	-0.00028510424	-0.00010454701	0.93255126	-0.0002851042	-0.00010454701	0.999798	-0.0006862836	-0.00025749742	0.8817844	1.7760454e-05	1.0920755e-05
4.5600787873951165e-08	0.9325488	0.00022630514	0.00018353942	0.9325488	0.00022630519	0.00018353942	0.9997953	0.00052928657	0.00044941885	0.8817821	-2.4260682e-06	-1.7182552e-05
4.5800170676861614e-08	0.93255484	-0.00014167586	-0.00023734599	0.93255484	-0.00014167586	-0.00023734599	0.9997998	-0.0003140014	-0.0005716335	0.881789	-1.1580608e-05	1.5019784e-05
4.6000001462741774e-08	0.9325504	4.039195e-05	0.00026209353	0.9325504	4.039195e-05	0.00026209353	0.9997982	6.991304e-05	0.00061338115	0.88178253	1.8105136e-05	-3.1061593e-06
4.620031917432845e-08	0.93255126	5.9728507e-05	-0.00024699702	0.93255126	5.9728507e-05	-0.00024699702	0.99979913	0.00015785782	-0.00056352443	0.88178337	-1.4353504e-05	-8.03896e-06
4.640081597133381e-08	0.9325567	-0.00013508677	0.00019512245	0.9325567	-0.00013508672	0.00019512245	0.9998024	-0.00031143863	0.0004382708	0.8817905	-1.9520694e-06	1.1560991e-05
4.6601097731508e-08	0.9325494	0.00016601846	-0.00013121517	0.9325494	0.00016601846	-0.00013121517	0.99980056	0.00036964126	-0.0002960541	0.88177896	1.2296071e-05	-6.7723195e-06
4.68012588675842e-08	0.9325561	-0.00015777483	7.608364e-05	0.9325561	-0.00015777483	7.608364e-05	0.9998044	-0.00034727826	0.00018259285	0.8817881	-1.4711201e-05	-4.32401e-06
4.7001445548036754e-08	0.93255484	0.00012818635	-4.9650924e-05	0.93255484	0.00012818635	-4.965092e-05	0.99980396	0.0002890523	-0.00013273222	0.88178605	6.742386e-06	1.307016e-05
4.720101306849248e-08	0.93255097	-0.00010715775	5.5316443e-05	0.93255085	-0.00010715775	5.5316454e-05	0.9998029	-0.0002620974	0.00014744335	0.8817799	9.811713e-06	-1.42334775e-05
4.740112566572463e-08	0.9325574	0.00012550944	-6.792229e-05	0.9325574	0.00012550944	-6.792229e-05	0.99980307	0.00031747718	-0.00016788604	0.88179106	-1.9414016e-05	7.5439602e-06
4.760111056816857e-08	0.93255174	-0.00018160044	6.241984e-05	0.9325517	-0.00018160054	6.241985e-05	0.999802	-0.00045084627	0.00014073598	0.8817821	2.1663693e-05	3.2961582e-06
4.7801007183334476e-08	0.9325502	0.00025465694	-1.8045077e-05	0.9325502	0.00025465692	-1.8045077e-05	0.99979717	0.000611937	-2.3943556e-05	0.8817831	-1.5066268e-05	-1.3592103e-05
4.800047839327128e-08	0.9325552	-0.00030690184	-6.838529e-05	0.9325552	-0.00030690184	-6.838529e-05	0.9997999	-0.00071399077	-0.00018538535	0.88178986	4.2394757e-07	1.9942288e-05
4.820037834549023e-08	0.93254817	0.00029258558	0.00018236558	0.93254817	0.0002925856	0.00018236558	0.9997955	0.00066134584	0.00044766572	0.88178074	1.4194836e-05	-1.79191e-05
4.840090163014947e-08	0.9325521	-0.00019030763	-0.0002834475	0.9325521	-0.0001903076	-0.0002834475	0.999798	-0.00041007565	-0.00066844554	0.88178575	-2.4396713e-05	7.201432e-06
4.8600444685704234e-08	0.932554	3.0662784e-05	0.00032656247	0.93255407	3.0662784e-05	0.00032656247	0.9997993	4.2343392e-05	0.0007496053	0.881788	2.1844306e-05	7.192178e-06
4.880167328287448e-08	0.93254817	0.00014266453	-0.0002920257	0.93254817	0.00014266453	-0.0002920257	0.99979734	0.00034304085	-0.00065305125	0.8817793	-8.606122e-06	-1.9474453e-05
4.900030383655148e-08	0.93255585	-0.0002380735	0.00020126386	0.93255585	-0.0002380735	0.00020126386	0.99980086	-0.000540356	0.00044050757	0.8817902	-9.8697265e-06	2.0650154e-05
4.920080954567873e-08	0.932552	0.00024709813	-8.7745946e-05	0.9325519	0.00024709819	-8.774595e-05	0.99980074	0.0005393754	-0.0001917491	0.8817834	2.644764e-05	-9.230213e-06
4.940111649388204e-08	0.93255144	-0.00017559745	1.2471863e-05	0.93255144	-0.00017559745	1.2471862e-05	0.99980223	-0.0003750647	4.2434163e-05	0.8817815	-2.5012214e-05	-1.0147757e-05
4.9600467002811846e-08	0.93255764	9.6849464e-05	-1.7051494e-07	0.93255764	9.6849464e-05	-1.7051524e-07	0.9998042	0.00021110407	-3.4867502e-05	0.8817907	1.0594605e-05	2.6023496e-05
4.980091631932566e-08	0.9325526	-6.6235356e-05	3.073588e-05	0.93255264	-6.6235356e-05	3.073588e-05	0.9998043	-0.00017499851	0.00010828314	0.8817819	1.5873942e-05	-2.7807353e-05
5e-08	0.93255323	0.00010046799	-6.586799e-05	0.93255323	0.00010046799	-6.586799e-05	0.99980235	0.00028408974	-0.00017118614	0.8817844	-3.8154863e-05	1.3640501e-05
